                            OLS Regression Results                            
==============================================================================
Dep. Variable:                  Price   R-squared:                       0.926
Model:                            OLS   Adj. R-squared:                  0.922
Method:                 Least Squares   F-statistic:                     196.4
Date:                Mon, 19 May 2025   Prob (F-statistic):               0.00
Time:                        09:37:13   Log-Likelihood:                -9549.3
No. Observations:                1149   AIC:                         1.924e+04
Df Residuals:                    1079   BIC:                         1.959e+04
Df Model:                          69                                         
Covariance Type:            nonrobust                                         
====================================================================================
                       coef    std err          t      P>|t|      [0.025      0.975]
------------------------------------------------------------------------------------
const               -0.0052      0.001     -8.667      0.000      -0.006      -0.004
Age_08_04         -107.8505      4.190    -25.738      0.000    -116.073     -99.628
Mfg_Month          -81.5019      9.705     -8.398      0.000    -100.545     -62.458
Mfg_Year             5.3698      0.942      5.699      0.000       3.521       7.219
KM                  -0.0170      0.001    -14.160      0.000      -0.019      -0.015
Fuel_Type         -506.0353    193.919     -2.610      0.009    -886.537    -125.534
HP                  10.8011      4.072      2.653      0.008       2.811      18.791
Met_Color          -40.5639     69.465     -0.584      0.559    -176.865      95.738
Automatic           -0.7182    421.582     -0.002      0.999    -827.931     826.495
cc                   0.1231      0.080      1.540      0.124      -0.034       0.280
Doors              220.8789     77.017      2.868      0.004      69.760     371.998
Gears             -513.1774    249.281     -2.059      0.040   -1002.308     -24.047
Quarterly_Tax       10.5041      2.026      5.183      0.000       6.528      14.480
Weight               5.8008      1.291      4.494      0.000       3.268       8.333
Mfr_Guarantee      195.6809     67.744      2.889      0.004      62.755     328.606
BOVAG_Guarantee    583.0041    125.712      4.638      0.000     336.337     829.672
Guarantee_Period    56.8879     16.529      3.442      0.001      24.455      89.321
ABS                -73.3267    125.784     -0.583      0.560    -320.135     173.482
Airbag_1            76.1560    230.770      0.330      0.741    -376.653     528.965
Airbag_2          -315.1256    135.929     -2.318      0.021    -581.840     -48.411
Airco              288.1257     85.679      3.363      0.001     120.010     456.242
Automatic_airco   1999.9758    214.832      9.309      0.000    1578.440    2421.512
Boardcomputer     -244.5042    134.194     -1.822      0.069    -507.815      18.807
CD_Player          126.6087     92.604      1.367      0.172     -55.095     308.312
Central_Lock        40.1218    130.260      0.308      0.758    -215.469     295.712
Powered_Windows    271.7362    130.777      2.078      0.038      15.130     528.343
Power_Steering    -267.8004    257.761     -1.039      0.299    -773.569     237.968
Radio              485.3965    608.208      0.798      0.425    -708.008    1678.801
Mistlamps           29.6924    132.082      0.225      0.822    -229.474     288.859
Sport_Model        170.3591     92.022      1.851      0.064     -10.203     350.922
Backseat_Divider    64.2664    153.641      0.418      0.676    -237.203     365.736
Metallic_Rim       137.1754     92.568      1.482      0.139     -44.458     318.809
Radio_cassette    -566.1667    608.991     -0.930      0.353   -1761.107     628.774
Tow_Bar           -125.2412     72.639     -1.724      0.085    -267.772      17.289
m_16v             -821.5652    799.796     -1.027      0.305   -2390.898     747.767
m_terra           -289.1529    418.413     -0.691      0.490   -1110.149     531.843
m_hatch_b         -500.0395    166.589     -3.002      0.003    -826.914    -173.165
m_vvti             142.1559    154.786      0.918      0.359    -161.561     445.872
m_liftb           -795.4188    166.700     -4.772      0.000   -1122.511    -468.327
m_luna             349.6888    227.154      1.539      0.124     -96.025     795.403
m_wagon             15.9757    199.554      0.080      0.936    -375.583     407.534
m_sol              245.6901    125.320      1.960      0.050      -0.209     491.589
m_sedan           -468.3765    178.957     -2.617      0.009    -819.520    -117.233
m_dsl             -345.0775    298.252     -1.157      0.248    -930.296     240.141
m_comfort          416.3442    197.582      2.107      0.035      28.657     804.032
m_g6              1057.4637    285.303      3.706      0.000     497.652    1617.275
m_matic4           390.0065    420.917      0.927      0.354    -435.902    1215.915
m_d4d              568.9567    394.938      1.441      0.150    -205.977    1343.891
m_sport           -254.0018    482.910     -0.526      0.599   -1201.550     693.547
m_matic3           829.1988    462.641      1.792      0.073     -78.580    1736.978
m_v                -44.1958    247.340     -0.179      0.858    -529.517     441.126
m_r                732.4612    374.309      1.957      0.051      -1.995    1466.917
m_matic            130.8032    550.584      0.238      0.812    -949.534    1211.140
m_vvtli           3612.8960    597.564      6.046      0.000    2440.377    4785.415
m_airco           -499.4780    551.247     -0.906      0.365   -1581.116     582.160
m_bns             1594.6405    445.580      3.579      0.000     720.340    2468.942
m_exec            2415.6655    595.401      4.057      0.000    1247.391    3583.940
m_gtsi            1004.1096    555.420      1.808      0.071     -85.716    2093.935
m_verso           1928.3869    356.625      5.407      0.000    1228.629    2628.145
m_mpv             1928.3869    356.625      5.407      0.000    1228.629    2628.145
m_comm             568.6686    798.887      0.712      0.477    -998.880    2136.217
m_gl              -509.4437    771.361     -0.660      0.509   -2022.981    1004.094
m_ll              -586.0555   1063.397     -0.551      0.582   -2672.616    1500.505
m_nav             1469.0960   1055.802      1.391      0.164    -602.561    3540.753
m_pk              5720.5770   1120.009      5.108      0.000    3522.935    7918.219
m_6                887.8621    759.169      1.170      0.242    -601.753    2377.477
m_so               245.6901    125.320      1.960      0.050      -0.209     491.589
m_xl              -841.7930   1053.524     -0.799      0.424   -2908.981    1225.394
m_sw              -640.4376   1068.710     -0.599      0.549   -2737.422    1456.547
m_b_ed            2157.2939   1211.123      1.781      0.075    -219.129    4533.717
m_g3              -140.2160   1251.877     -0.112      0.911   -2596.605    2316.173
m_keuze           -253.7442    486.356     -0.522      0.602   -1208.056     700.567
m_uit             -438.6771    501.698     -0.874      0.382   -1423.092     545.738
m_occasions       -253.7442    486.356     -0.522      0.602   -1208.056     700.567
m_s-uitvoering    -184.9328    701.247     -0.264      0.792   -1560.895    1191.029
==============================================================================
Omnibus:                       96.310   Durbin-Watson:                   1.902
Prob(Omnibus):                  0.000   Jarque-Bera (JB):              454.312
Skew:                           0.216   Prob(JB):                     2.23e-99
Kurtosis:                       6.050   Cond. No.                     2.82e+19
==============================================================================

Notes:
[1] Standard Errors assume that the covariance matrix of the errors is correctly specified.
[2] The smallest eigenvalue is 8.91e-27. This might indicate that there are
strong multicollinearity problems or that the design matrix is singular.