                            OLS Regression Results                            
==============================================================================
Dep. Variable:                  Price   R-squared:                       0.926
Model:                            OLS   Adj. R-squared:                  0.921
Method:                 Least Squares   F-statistic:                     204.8
Date:                Mon, 19 May 2025   Prob (F-statistic):               0.00
Time:                        09:36:58   Log-Likelihood:                -9565.4
No. Observations:                1149   AIC:                         1.926e+04
Df Residuals:                    1082   BIC:                         1.960e+04
Df Model:                          66                                         
Covariance Type:            nonrobust                                         
====================================================================================
                       coef    std err          t      P>|t|      [0.025      0.975]
------------------------------------------------------------------------------------
const               -0.0054      0.001     -9.190      0.000      -0.007      -0.004
Age_08_04         -110.2281      4.363    -25.267      0.000    -118.788    -101.668
Mfg_Month          -85.6109      9.752     -8.779      0.000    -104.746     -66.476
Mfg_Year             5.4426      0.943      5.770      0.000       3.592       7.293
KM                  -0.0170      0.001    -14.286      0.000      -0.019      -0.015
Fuel_Type         -894.8682    209.227     -4.277      0.000   -1305.404    -484.332
HP                   8.4949      4.059      2.093      0.037       0.530      16.460
Met_Color            1.0862     71.531      0.015      0.988    -139.270     141.442
Automatic         -139.7240    427.192     -0.327      0.744    -977.943     698.495
cc                   0.1194      0.081      1.475      0.141      -0.039       0.278
Doors               89.2761     73.908      1.208      0.227     -55.743     234.295
Gears             -378.3524    242.095     -1.563      0.118    -853.381      96.676
Quarterly_Tax       11.6273      1.989      5.846      0.000       7.725      15.530
Weight               5.8170      1.313      4.429      0.000       3.240       8.394
Mfr_Guarantee      188.5171     69.586      2.709      0.007      51.979     325.055
BOVAG_Guarantee    565.4800    128.226      4.410      0.000     313.881     817.079
Guarantee_Period    62.7017     16.884      3.714      0.000      29.572      95.831
ABS               -163.4073    125.691     -1.300      0.194    -410.034      83.219
Airbag_1           -89.5720    244.065     -0.367      0.714    -568.467     389.323
Airbag_2           -71.4337    134.960     -0.529      0.597    -336.247     193.379
Airco              340.0427     87.276      3.896      0.000     168.792     511.293
Automatic_airco   2123.6913    215.583      9.851      0.000    1700.684    2546.699
Boardcomputer     -197.2711    136.360     -1.447      0.148    -464.832      70.289
CD_Player          149.9337     94.523      1.586      0.113     -35.535     335.402
Central_Lock        80.3838    137.480      0.585      0.559    -189.375     350.142
Powered_Windows    217.8130    137.656      1.582      0.114     -52.290     487.916
Power_Steering    -242.5129    267.920     -0.905      0.366    -768.215     283.189
Radio             -764.7722   1074.712     -0.712      0.477   -2873.527    1343.983
Mistlamps          148.4064    133.319      1.113      0.266    -113.186     409.999
Sport_Model        153.9333     91.651      1.680      0.093     -25.901     333.768
Backseat_Divider   -18.0349    160.338     -0.112      0.910    -332.643     296.573
Metallic_Rim        54.6273     92.676      0.589      0.556    -127.218     236.472
Radio_cassette     742.0580   1076.693      0.689      0.491   -1370.584    2854.700
Tow_Bar           -167.7110     74.502     -2.251      0.025    -313.896     -21.526
m_16v               -4.2680    709.681     -0.006      0.995   -1396.774    1388.238
m_terra            406.1935    419.272      0.969      0.333    -416.485    1228.872
m_hatch_b         -791.7644    168.485     -4.699      0.000   -1122.358    -461.171
m_vvti              45.5010    153.130      0.297      0.766    -254.964     345.966
m_liftb           -818.2185    172.127     -4.754      0.000   -1155.960    -480.477
m_luna             754.2938    224.536      3.359      0.001     313.718    1194.869
m_wagon            -99.5608    205.507     -0.484      0.628    -502.799     303.677
m_sol             -389.3188   1065.003     -0.366      0.715   -2479.024    1700.386
m_sedan           -702.9083    185.840     -3.782      0.000   -1067.555    -338.261
m_dsl             -194.6782    316.163     -0.616      0.538    -815.041     425.684
m_comfort          271.6139    189.676      1.432      0.152    -100.561     643.789
m_g6              1225.3053    284.368      4.309      0.000     667.330    1783.281
m_matic4           363.2128    448.276      0.810      0.418    -516.376    1242.802
m_d4d              720.5364    408.133      1.765      0.078     -80.286    1521.359
m_sport            466.4003    484.449      0.963      0.336    -484.166    1416.966
m_matic3           782.5569    498.278      1.571      0.117    -195.143    1760.257
m_v                -33.9726    260.822     -0.130      0.896    -545.748     477.802
m_r                474.5035    367.118      1.293      0.196    -245.840    1194.847
m_matic            192.0454    576.322      0.333      0.739    -938.790    1322.880
m_vvtli           3451.9207    590.448      5.846      0.000    2293.367    4610.474
m_airco          -1177.3085    560.378     -2.101      0.036   -2276.858     -77.759
m_bns               65.9843    416.831      0.158      0.874    -751.903     883.872
m_exec            2003.5620    601.377      3.332      0.001     823.564    3183.560
m_gtsi            1388.8404    508.982      2.729      0.006     390.136    2387.545
m_verso           1673.3769    374.555      4.468      0.000     938.440    2408.314
m_mpv             1673.3769    374.555      4.468      0.000     938.440    2408.314
m_comm             487.5358    815.024      0.598      0.550   -1111.670    2086.742
m_gl                10.8765   1081.302      0.010      0.992   -2110.810    2132.563
m_ll               822.1002    788.140      1.043      0.297    -724.355    2368.556
m_nav             6.606e-14   5.49e-12      0.012      0.990   -1.07e-11    1.08e-11
m_pk              5.159e-13   2.02e-11      0.026      0.980   -3.91e-11    4.01e-11
m_6                -49.6027    651.565     -0.076      0.939   -1328.076    1228.871
m_so              1118.0128   1071.310      1.044      0.297    -984.067    3220.093
m_xl              -484.3466   1065.134     -0.455      0.649   -2574.308    1605.615
m_sw              -573.3310   1090.175     -0.526      0.599   -2712.429    1565.766
m_b_ed                    0          0        nan        nan           0           0
m_g3                      0          0        nan        nan           0           0
m_keuze           -193.9966    498.403     -0.389      0.697   -1171.943     783.950
m_uit             -183.7515    504.868     -0.364      0.716   -1174.383     806.880
m_occasions       -193.9966    498.403     -0.389      0.697   -1171.943     783.950
m_s-uitvoering      10.2451    711.786      0.014      0.989   -1386.392    1406.882
==============================================================================
Omnibus:                       85.116   Durbin-Watson:                   1.810
Prob(Omnibus):                  0.000   Jarque-Bera (JB):              348.750
Skew:                           0.211   Prob(JB):                     1.86e-76
Kurtosis:                       5.666   Cond. No.                     2.84e+19
==============================================================================

Notes:
[1] Standard Errors assume that the covariance matrix of the errors is correctly specified.
[2] The smallest eigenvalue is 8.91e-27. This might indicate that there are
strong multicollinearity problems or that the design matrix is singular.