                            OLS Regression Results                            
==============================================================================
Dep. Variable:                  Price   R-squared:                       0.921
Model:                            OLS   Adj. R-squared:                  0.917
Method:                 Least Squares   F-statistic:                     234.9
Date:                Wed, 21 May 2025   Prob (F-statistic):               0.00
Time:                        11:55:12   Log-Likelihood:                -9600.0
No. Observations:                1149   AIC:                         1.931e+04
Df Residuals:                    1094   BIC:                         1.959e+04
Df Model:                          54                                         
Covariance Type:            nonrobust                                         
====================================================================================
                       coef    std err          t      P>|t|      [0.025      0.975]
------------------------------------------------------------------------------------
Id                   1.8766      0.300      6.254      0.000       1.288       2.465
Age_08_04        -1092.3602   1420.539     -0.769      0.442   -3879.650    1694.930
Mfg_Month         -130.8477     20.838     -6.279      0.000    -171.735     -89.961
Mfg_Year          -112.0014    174.283     -0.643      0.521    -453.968     229.965
KM                  -0.0095      0.002     -5.909      0.000      -0.013      -0.006
HP                   5.4423      4.469      1.218      0.224      -3.327      14.212
Met_Color          -26.6009     72.771     -0.366      0.715    -169.388     116.186
Automatic           97.8543    549.156      0.178      0.859    -979.664    1175.373
cc                   0.0355      0.085      0.418      0.676      -0.131       0.202
Doors              136.9072     78.502      1.744      0.081     -17.124     290.938
Cylinders           -0.4269      0.587     -0.727      0.467      -1.578       0.724
Gears             -175.7194    247.593     -0.710      0.478    -661.530     310.091
Quarterly_Tax       11.4410      1.897      6.031      0.000       7.719      15.163
Weight               9.5768      1.487      6.440      0.000       6.659      12.495
Mfr_Guarantee      199.2996     71.170      2.800      0.005      59.654     338.945
BOVAG_Guarantee    365.2881    125.582      2.909      0.004     118.879     611.697
Guarantee_Period    71.2385     15.027      4.741      0.000      41.753     100.724
ABS               -116.7667    129.743     -0.900      0.368    -371.340     137.806
Airbag_1            28.1942    233.532      0.121      0.904    -430.028     486.416
Airbag_2            64.1677    138.625      0.463      0.644    -207.834     336.169
Airco              318.1988     89.186      3.568      0.000     143.205     493.193
Automatic_airco   2139.0031    208.100     10.279      0.000    1730.684    2547.323
Boardcomputer     -356.6188    127.809     -2.790      0.005    -607.397    -105.841
CD_Player          271.8239     96.515      2.816      0.005      82.449     461.199
Central_Lock       -27.5715    134.799     -0.205      0.838    -292.066     236.923
Powered_Windows    255.7671    135.434      1.888      0.059      -9.973     521.507
Power_Steering    -143.5783    255.828     -0.561      0.575    -645.547     358.390
Radio             1229.9223    770.229      1.597      0.111    -281.370    2741.215
Mistlamps          165.7443    130.890      1.266      0.206     -91.079     422.568
Sport_Model         -3.5501     95.881     -0.037      0.970    -191.681     184.581
Backseat_Divider    22.7719    160.165      0.142      0.887    -291.493     337.037
Metallic_Rim        86.4977     96.570      0.896      0.371    -102.986     275.981
Radio_cassette   -1134.1639    769.105     -1.475      0.141   -2643.252     374.924
Tow_Bar           -178.0264     76.118     -2.339      0.020    -327.380     -28.673
Petrol             860.5479    318.524      2.702      0.007     235.560    1485.535
Diesel            -122.2277    540.877     -0.226      0.821   -1183.501     939.045
CNG               -738.4270    333.033     -2.217      0.027   -1391.883     -84.971
m_16v              -54.9985    144.521     -0.381      0.704    -338.568     228.571
m_terra            232.3966    174.195      1.334      0.182    -109.398     574.191
m_hatch_b         -457.6039    169.717     -2.696      0.007    -790.611    -124.597
m_vvti            -852.7676    214.515     -3.975      0.000   -1273.675    -431.861
m_liftb           -722.8007    176.770     -4.089      0.000   -1069.648    -375.954
m_luna              56.5977    194.307      0.291      0.771    -324.658     437.853
m_wagon            -39.6361    214.304     -0.185      0.853    -460.129     380.857
m_sol              104.1719    212.871      0.489      0.625    -313.509     521.853
m_sedan           -365.7972    184.445     -1.983      0.048    -727.703      -3.892
m_dsl             -582.7304    786.475     -0.741      0.459   -2125.901     960.440
m_comfort          -73.8672    197.295     -0.374      0.708    -460.987     313.252
m_g6               713.8918    259.727      2.749      0.006     204.272    1223.511
m_matic4           563.6707    439.263      1.283      0.200    -298.222    1425.564
m_d4d             1012.6957    813.301      1.245      0.213    -583.111    2608.502
m_sport            171.7264    316.840      0.542      0.588    -449.957     793.410
m_matic3          1060.5755    486.603      2.180      0.030     105.795    2015.356
m_matic           -453.5764    671.825     -0.675      0.500   -1771.787     864.635
m_vvtli           1957.9019    422.169      4.638      0.000    1129.550    2786.254
m_airco          -1324.1743    462.612     -2.862      0.004   -2231.881    -416.468
valve             1105.1343    228.928      4.827      0.000     655.946    1554.322
m_life_months      928.6599   1405.523      0.661      0.509   -1829.165    3686.485
==============================================================================
Omnibus:                      121.074   Durbin-Watson:                   1.840
Prob(Omnibus):                  0.000   Jarque-Bera (JB):              880.596
Skew:                           0.123   Prob(JB):                    6.04e-192
Kurtosis:                       7.282   Cond. No.                     1.20e+16
==============================================================================

Notes:
[1] Standard Errors assume that the covariance matrix of the errors is correctly specified.
[2] The smallest eigenvalue is 4.62e-20. This might indicate that there are
strong multicollinearity problems or that the design matrix is singular.