                            OLS Regression Results                            
==============================================================================
Dep. Variable:                  Price   R-squared:                       0.928
Model:                            OLS   Adj. R-squared:                  0.923
Method:                 Least Squares   F-statistic:                     204.1
Date:                Mon, 19 May 2025   Prob (F-statistic):               0.00
Time:                        09:37:19   Log-Likelihood:                -9545.3
No. Observations:                1149   AIC:                         1.923e+04
Df Residuals:                    1080   BIC:                         1.958e+04
Df Model:                          68                                         
Covariance Type:            nonrobust                                         
====================================================================================
                       coef    std err          t      P>|t|      [0.025      0.975]
------------------------------------------------------------------------------------
const               -0.0050      0.001     -8.081      0.000      -0.006      -0.004
Age_08_04         -107.0376      4.171    -25.664      0.000    -115.221     -98.854
Mfg_Month          -74.9602      9.796     -7.652      0.000     -94.182     -55.738
Mfg_Year             5.1945      0.989      5.250      0.000       3.253       7.136
KM                  -0.0155      0.001    -12.598      0.000      -0.018      -0.013
Fuel_Type         -786.5562    178.027     -4.418      0.000   -1135.874    -437.238
HP                   4.8936      4.286      1.142      0.254      -3.515      13.302
Met_Color          -17.1199     70.644     -0.242      0.809    -155.736     121.496
Automatic           -8.3769    528.746     -0.016      0.987   -1045.862    1029.108
cc                   0.1186      0.083      1.437      0.151      -0.043       0.281
Doors              161.2197     76.606      2.105      0.036      10.907     311.533
Gears             -215.0672    253.007     -0.850      0.395    -711.508     281.373
Quarterly_Tax       11.7982      1.935      6.097      0.000       8.001      15.595
Weight               5.3876      1.514      3.558      0.000       2.417       8.358
Mfr_Guarantee      146.9987     68.197      2.155      0.031      13.184     280.813
BOVAG_Guarantee    473.4246    121.693      3.890      0.000     234.643     712.207
Guarantee_Period    62.8484     15.439      4.071      0.000      32.554      93.142
ABS               -282.7882    124.360     -2.274      0.023    -526.803     -38.773
Airbag_1           -17.2789    228.459     -0.076      0.940    -465.552     430.994
Airbag_2            -0.8588    135.484     -0.006      0.995    -266.700     264.983
Airco              355.7309     86.864      4.095      0.000     185.290     526.172
Automatic_airco   1960.7591    209.875      9.342      0.000    1548.949    2372.569
Boardcomputer     -260.3854    130.983     -1.988      0.047    -517.395      -3.376
CD_Player          285.1660     93.429      3.052      0.002     101.843     468.489
Central_Lock        45.2307    130.132      0.348      0.728    -210.109     300.570
Powered_Windows    204.8588    131.388      1.559      0.119     -52.946     462.664
Power_Steering     -67.7933    246.837     -0.275      0.784    -552.128     416.541
Radio             1084.8474    739.202      1.468      0.143    -365.588    2535.283
Mistlamps           38.4798    129.253      0.298      0.766    -215.136     292.096
Sport_Model        146.4507     92.158      1.589      0.112     -34.379     327.280
Backseat_Divider   149.6534    157.679      0.949      0.343    -159.739     459.045
Metallic_Rim        73.9314     93.601      0.790      0.430    -109.729     257.592
Radio_cassette   -1019.7047    738.334     -1.381      0.168   -2468.436     429.027
Tow_Bar           -168.9687     73.640     -2.295      0.022    -313.463     -24.474
m_16v             -325.9485    567.749     -0.574      0.566   -1439.965     788.068
m_terra            409.3460    432.570      0.946      0.344    -439.428    1258.120
m_hatch_b         -740.1396    168.218     -4.400      0.000   -1070.211    -410.068
m_vvti             100.8677    147.975      0.682      0.496    -189.484     391.220
m_liftb           -956.8120    169.939     -5.630      0.000   -1290.259    -623.364
m_luna             542.6216    229.083      2.369      0.018      93.124     992.120
m_wagon           -160.8213    205.111     -0.784      0.433    -563.283     241.640
m_sol             -412.8170   1043.924     -0.395      0.693   -2461.166    1635.532
m_sedan           -594.4595    180.885     -3.286      0.001    -949.385    -239.534
m_dsl             -588.3413    301.095     -1.954      0.051   -1179.138       2.456
m_comfort          208.4020    191.127      1.090      0.276    -166.621     583.425
m_g6              1078.1428    289.178      3.728      0.000     510.729    1645.557
m_matic4           586.2491    426.636      1.374      0.170    -250.880    1423.379
m_d4d              415.9696    397.149      1.047      0.295    -363.301    1195.240
m_sport            180.8656    507.926      0.356      0.722    -815.768    1177.499
m_matic3           986.3677    473.269      2.084      0.037      57.737    1914.998
m_v                -91.4532    242.428     -0.377      0.706    -567.137     384.231
m_r                191.1892    385.866      0.495      0.620    -565.942     948.321
m_matic           -179.5610    647.264     -0.277      0.782   -1449.598    1090.476
m_vvtli           3636.5796    638.614      5.694      0.000    2383.514    4889.645
m_airco           -707.9103    500.506     -1.414      0.158   -1689.984     274.164
m_bns              777.9750    528.860      1.471      0.142    -259.735    1815.685
m_exec            2812.4817    575.062      4.891      0.000    1684.117    3940.846
m_gtsi            1093.1376    562.252      1.944      0.052     -10.092    2196.367
m_verso           2601.2736    379.817      6.849      0.000    1856.011    3346.536
m_mpv             2601.2736    379.817      6.849      0.000    1856.011    3346.536
m_comm           -8.402e-08   6.71e-08     -1.252      0.211   -2.16e-07    4.76e-08
m_gl              -480.7007    770.312     -0.624      0.533   -1992.178    1030.776
m_ll               517.1097    781.659      0.662      0.508   -1016.633    2050.852
m_nav             1226.9791   1050.843      1.168      0.243    -834.947    3288.905
m_pk              5828.0279   1106.883      5.265      0.000    3656.142    7999.913
m_6                228.0344    510.584      0.447      0.655    -773.815    1229.884
m_so              1137.5912   1053.186      1.080      0.280    -928.932    3204.114
m_xl              -918.3390   1049.933     -0.875      0.382   -2978.478    1141.800
m_sw              -766.8114   1068.423     -0.718      0.473   -2863.231    1329.608
m_b_ed            2182.3155   1192.867      1.829      0.068    -158.283    4522.914
m_g3               355.0050   1215.427      0.292      0.770   -2029.861    2739.871
m_keuze                   0          0        nan        nan           0           0
m_uit              -48.4277    561.809     -0.086      0.931   -1150.788    1053.932
m_occasions               0          0        nan        nan           0           0
m_s-uitvoering     -48.4277    561.809     -0.086      0.931   -1150.788    1053.932
==============================================================================
Omnibus:                       89.764   Durbin-Watson:                   1.913
Prob(Omnibus):                  0.000   Jarque-Bera (JB):              455.334
Skew:                           0.089   Prob(JB):                     1.33e-99
Kurtosis:                       6.079   Cond. No.                     3.13e+19
==============================================================================

Notes:
[1] Standard Errors assume that the covariance matrix of the errors is correctly specified.
[2] The smallest eigenvalue is 6.81e-27. This might indicate that there are
strong multicollinearity problems or that the design matrix is singular.