                            OLS Regression Results                            
==============================================================================
Dep. Variable:                  Price   R-squared:                       0.927
Model:                            OLS   Adj. R-squared:                  0.922
Method:                 Least Squares   F-statistic:                     197.1
Date:                Mon, 19 May 2025   Prob (F-statistic):               0.00
Time:                        09:36:52   Log-Likelihood:                -9536.6
No. Observations:                1148   AIC:                         1.921e+04
Df Residuals:                    1078   BIC:                         1.957e+04
Df Model:                          69                                         
Covariance Type:            nonrobust                                         
====================================================================================
                       coef    std err          t      P>|t|      [0.025      0.975]
------------------------------------------------------------------------------------
const               -0.0073      0.001    -11.602      0.000      -0.009      -0.006
Age_08_04         -110.5472      4.183    -26.430      0.000    -118.754    -102.340
Mfg_Month          -88.6077      9.577     -9.252      0.000    -107.399     -69.816
Mfg_Year             1.9144      1.047      1.828      0.068      -0.141       3.969
KM                  -0.0154      0.001    -12.689      0.000      -0.018      -0.013
Fuel_Type        -1019.2021    173.395     -5.878      0.000   -1359.432    -678.972
HP                   3.9270      4.199      0.935      0.350      -4.312      12.166
Met_Color           22.0556     69.844      0.316      0.752    -114.990     159.102
Automatic         -108.1069    500.375     -0.216      0.829   -1089.926     873.712
cc                   0.0868      0.082      1.062      0.289      -0.074       0.247
Doors              177.2469     75.299      2.354      0.019      29.499     324.995
Gears             -250.9205    232.441     -1.080      0.281    -707.008     205.167
Quarterly_Tax       12.4776      1.976      6.315      0.000       8.600      16.355
Weight              11.6499      1.659      7.023      0.000       8.395      14.905
Mfr_Guarantee      177.7416     68.346      2.601      0.009      43.635     311.848
BOVAG_Guarantee    579.7150    121.336      4.778      0.000     341.634     817.796
Guarantee_Period    57.0358     15.952      3.575      0.000      25.735      88.337
ABS               -322.2840    125.070     -2.577      0.010    -567.692     -76.876
Airbag_1            55.6469    226.361      0.246      0.806    -388.511     499.805
Airbag_2             7.1790    137.251      0.052      0.958    -262.131     276.489
Airco              324.2832     85.069      3.812      0.000     157.364     491.203
Automatic_airco   1780.1786    217.513      8.184      0.000    1353.381    2206.976
Boardcomputer     -315.6309    131.825     -2.394      0.017    -574.293     -56.969
CD_Player          195.5195     92.534      2.113      0.035      13.952     377.087
Central_Lock      -130.4933    135.563     -0.963      0.336    -396.490     135.503
Powered_Windows    371.9023    135.975      2.735      0.006     105.096     638.708
Power_Steering      19.0323    253.150      0.075      0.940    -477.690     515.755
Radio              537.4102    606.138      0.887      0.375    -651.934    1726.754
Mistlamps          -27.1441    128.815     -0.211      0.833    -279.900     225.612
Sport_Model         46.8265     90.415      0.518      0.605    -130.582     224.235
Backseat_Divider    49.7338    153.437      0.324      0.746    -251.335     350.803
Metallic_Rim        16.7627     94.308      0.178      0.859    -168.285     201.810
Radio_cassette    -647.7792    606.887     -1.067      0.286   -1838.592     543.034
Tow_Bar           -135.5154     72.714     -1.864      0.063    -278.193       7.162
m_16v             -314.0697    570.288     -0.551      0.582   -1433.070     804.931
m_terra            540.4316    386.379      1.399      0.162    -217.709    1298.572
m_hatch_b         -515.1140    163.657     -3.148      0.002    -836.236    -193.992
m_vvti              96.7781    148.786      0.650      0.516    -195.165     388.721
m_liftb           -891.2979    169.492     -5.259      0.000   -1223.869    -558.727
m_luna             795.9103    231.591      3.437      0.001     341.490    1250.330
m_wagon           -174.1816    205.395     -0.848      0.397    -577.202     228.838
m_sol             -359.0982   1049.120     -0.342      0.732   -2417.647    1699.450
m_sedan           -447.6696    180.599     -2.479      0.013    -802.035     -93.304
m_dsl             -961.0418    310.572     -3.094      0.002   -1570.437    -351.647
m_comfort          221.8766    185.993      1.193      0.233    -143.073     586.826
m_g6              1441.0175    290.737      4.956      0.000     870.543    2011.492
m_matic4           184.8447    407.638      0.453      0.650    -615.010     984.699
m_d4d             -488.0591    414.086     -1.179      0.239   -1300.565     324.446
m_sport            641.3445    465.623      1.377      0.169    -272.286    1554.975
m_matic3           704.7260    458.499      1.537      0.125    -194.925    1604.377
m_v                -66.7450    244.785     -0.273      0.785    -547.054     413.564
m_r                317.9186    330.955      0.961      0.337    -331.471     967.308
m_matic            147.3163    601.269      0.245      0.806   -1032.475    1327.107
m_vvtli           2664.2635    618.723      4.306      0.000    1450.226    3878.301
m_airco           -491.7482    508.700     -0.967      0.334   -1489.903     506.406
m_bns              885.0383    374.829      2.361      0.018     149.561    1620.515
m_exec            2665.1670    524.845      5.078      0.000    1635.333    3695.001
m_gtsi            1214.4414    505.361      2.403      0.016     222.838    2206.045
m_verso           1892.0964    396.800      4.768      0.000    1113.508    2670.685
m_mpv             1892.0964    396.800      4.768      0.000    1113.508    2670.685
m_comm             334.1260    803.642      0.416      0.678   -1242.753    1911.005
m_gl              -361.5746    770.446     -0.469      0.639   -1873.319    1150.170
m_ll              1605.3351   1077.653      1.490      0.137    -509.200    3719.871
m_nav              975.4035   1051.051      0.928      0.354   -1086.935    3037.742
m_pk              5511.2190   1106.208      4.982      0.000    3340.653    7681.785
m_6                196.6001    510.597      0.385      0.700    -805.276    1198.476
m_so              1268.3764   1059.173      1.198      0.231    -809.898    3346.651
m_xl              4.136e-10   5.67e-09      0.073      0.942   -1.07e-08    1.15e-08
m_sw              -908.5889   1068.371     -0.850      0.395   -3004.911    1187.733
m_b_ed            2179.7139   1174.314      1.856      0.064    -124.486    4483.914
m_g3               337.8134   1208.751      0.279      0.780   -2033.958    2709.584
m_keuze           -256.8593    480.842     -0.534      0.593   -1200.352     686.633
m_uit              -31.4990    493.206     -0.064      0.949    -999.251     936.253
m_occasions       -256.8593    480.842     -0.534      0.593   -1200.352     686.633
m_s-uitvoering     225.3603    694.102      0.325      0.745   -1136.584    1587.304
==============================================================================
Omnibus:                       98.392   Durbin-Watson:                   1.808
Prob(Omnibus):                  0.000   Jarque-Bera (JB):              310.183
Skew:                           0.402   Prob(JB):                     4.41e-68
Kurtosis:                       5.416   Cond. No.                     1.16e+19
==============================================================================

Notes:
[1] Standard Errors assume that the covariance matrix of the errors is correctly specified.
[2] The smallest eigenvalue is 5.23e-26. This might indicate that there are
strong multicollinearity problems or that the design matrix is singular.