                            OLS Regression Results                            
==============================================================================
Dep. Variable:                  Price   R-squared:                       0.919
Model:                            OLS   Adj. R-squared:                  0.915
Method:                 Least Squares   F-statistic:                     229.8
Date:                Wed, 21 May 2025   Prob (F-statistic):               0.00
Time:                        11:30:28   Log-Likelihood:                -9603.1
No. Observations:                1149   AIC:                         1.932e+04
Df Residuals:                    1094   BIC:                         1.959e+04
Df Model:                          54                                         
Covariance Type:            nonrobust                                         
====================================================================================
                       coef    std err          t      P>|t|      [0.025      0.975]
------------------------------------------------------------------------------------
Id                   1.7383      0.306      5.689      0.000       1.139       2.338
Age_08_04        -2064.9246   1414.198     -1.460      0.145   -4839.772     709.923
Mfg_Month         -151.3624     20.880     -7.249      0.000    -192.333    -110.392
Mfg_Year          -230.9607    173.516     -1.331      0.183    -571.422     109.500
KM                  -0.0124      0.002     -7.975      0.000      -0.015      -0.009
HP                  14.4772      4.212      3.437      0.001       6.213      22.742
Met_Color          -45.7703     71.475     -0.640      0.522    -186.014      94.473
Automatic          -65.4386    421.154     -0.155      0.877    -891.799     760.921
cc                   0.0514      0.082      0.630      0.529      -0.109       0.211
Doors              258.7192     78.960      3.277      0.001     103.789     413.649
Cylinders           -0.8293      0.584     -1.420      0.156      -1.976       0.317
Gears             -266.5196    238.919     -1.116      0.265    -735.310     202.271
Quarterly_Tax        9.7161      1.951      4.979      0.000       5.887      13.545
Weight               8.1307      1.297      6.271      0.000       5.587      10.675
Mfr_Guarantee      232.8099     70.648      3.295      0.001      94.188     371.431
BOVAG_Guarantee    476.3224    129.017      3.692      0.000     223.173     729.472
Guarantee_Period    67.5167     16.273      4.149      0.000      35.586      99.447
ABS                 13.7184    130.703      0.105      0.916    -242.739     270.176
Airbag_1           135.4245    238.391      0.568      0.570    -332.330     603.179
Airbag_2          -208.3022    140.524     -1.482      0.139    -484.030      67.425
Airco              257.2663     87.923      2.926      0.004      84.749     429.784
Automatic_airco   2163.6851    213.056     10.155      0.000    1745.641    2581.729
Boardcomputer     -315.1896    129.184     -2.440      0.015    -568.666     -61.713
CD_Player          149.1564     95.401      1.563      0.118     -38.034     336.347
Central_Lock       -21.7165    134.878     -0.161      0.872    -286.366     242.933
Powered_Windows    326.1164    134.909      2.417      0.016      61.407     590.826
Power_Steering    -314.3290    267.443     -1.175      0.240    -839.088     210.430
Radio              682.4806    633.068      1.078      0.281    -559.683    1924.645
Mistlamps           53.4672    134.290      0.398      0.691    -210.028     316.963
Sport_Model         83.9984     95.769      0.877      0.381    -103.913     271.910
Backseat_Divider   -46.2989    155.432     -0.298      0.766    -351.277     258.679
Metallic_Rim       139.7251     95.872      1.457      0.145     -48.388     327.838
Radio_cassette    -741.1449    633.746     -1.169      0.242   -1984.640     502.350
Tow_Bar           -151.6917     75.016     -2.022      0.043    -298.883      -4.500
Petrol             387.9222    322.630      1.202      0.229    -245.120    1020.965
Diesel             278.6093    540.160      0.516      0.606    -781.258    1338.477
CNG               -666.7389    339.621     -1.963      0.050   -1333.121      -0.357
m_16v              136.1195    144.214      0.944      0.345    -146.849     419.088
m_terra            167.7265    178.534      0.939      0.348    -182.581     518.034
m_hatch_b         -275.0318    166.618     -1.651      0.099    -601.959      51.896
m_vvti            -750.7355    201.920     -3.718      0.000   -1146.929    -354.542
m_liftb           -709.4537    172.990     -4.101      0.000   -1048.884    -370.024
m_luna              67.8538    200.017      0.339      0.734    -324.607     460.314
m_wagon             42.7181    208.902      0.204      0.838    -367.175     452.612
m_sol               14.6098    222.243      0.066      0.948    -421.461     450.680
m_sedan           -387.0424    182.306     -2.123      0.034    -744.751     -29.333
m_dsl             -601.5147    786.789     -0.765      0.445   -2145.301     942.271
m_comfort           26.1596    204.506      0.128      0.898    -375.108     427.428
m_g6               869.7225    266.847      3.259      0.001     346.133    1393.312
m_matic4           345.6519    428.749      0.806      0.420    -495.612    1186.915
m_d4d              949.2370    812.968      1.168      0.243    -645.915    2544.389
m_sport            317.0798    304.767      1.040      0.298    -280.913     915.073
m_matic3           826.0482    470.797      1.755      0.080     -97.720    1749.816
m_matic            163.9620    534.040      0.307      0.759    -883.897    1211.821
m_vvtli           1744.2197    391.856      4.451      0.000     975.346    2513.094
m_airco          -1024.2742    512.888     -1.997      0.046   -2030.629     -17.919
valve              993.4842    213.899      4.645      0.000     573.785    1413.184
m_life_months     1892.8447   1399.320      1.353      0.176    -852.810    4638.500
==============================================================================
Omnibus:                      119.430   Durbin-Watson:                   1.864
Prob(Omnibus):                  0.000   Jarque-Bera (JB):              668.301
Skew:                           0.286   Prob(JB):                    7.59e-146
Kurtosis:                       6.692   Cond. No.                     1.21e+16
==============================================================================

Notes:
[1] Standard Errors assume that the covariance matrix of the errors is correctly specified.
[2] The smallest eigenvalue is 4.81e-20. This might indicate that there are
strong multicollinearity problems or that the design matrix is singular.