                            OLS Regression Results                            
==============================================================================
Dep. Variable:                  Price   R-squared:                       0.927
Model:                            OLS   Adj. R-squared:                  0.922
Method:                 Least Squares   F-statistic:                     201.5
Date:                Mon, 19 May 2025   Prob (F-statistic):               0.00
Time:                        09:37:05   Log-Likelihood:                -9524.0
No. Observations:                1149   AIC:                         1.919e+04
Df Residuals:                    1080   BIC:                         1.953e+04
Df Model:                          68                                         
Covariance Type:            nonrobust                                         
====================================================================================
                       coef    std err          t      P>|t|      [0.025      0.975]
------------------------------------------------------------------------------------
const               -0.0048      0.001     -8.266      0.000      -0.006      -0.004
Age_08_04         -104.3708      4.244    -24.591      0.000    -112.699     -96.043
Mfg_Month          -74.7524      9.478     -7.887      0.000     -93.350     -56.154
Mfg_Year             5.3267      0.893      5.968      0.000       3.575       7.078
KM                  -0.0167      0.001    -14.593      0.000      -0.019      -0.014
Fuel_Type         -995.0253    180.779     -5.504      0.000   -1349.743    -640.307
HP                  25.0817     11.601      2.162      0.031       2.320      47.844
Met_Color           16.2195     67.665      0.240      0.811    -116.550     148.989
Automatic           94.0736    491.888      0.191      0.848    -871.090    1059.237
cc                  -1.0828      0.929     -1.166      0.244      -2.905       0.739
Doors              172.9958     75.326      2.297      0.022      25.195     320.797
Gears             -296.1128    221.342     -1.338      0.181    -730.422     138.196
Quarterly_Tax       11.9258      1.920      6.212      0.000       8.159      15.693
Weight               4.7672      1.266      3.765      0.000       2.283       7.252
Mfr_Guarantee      276.0279     66.689      4.139      0.000     145.173     406.883
BOVAG_Guarantee    518.0221    121.663      4.258      0.000     279.300     756.744
Guarantee_Period    65.8865     16.065      4.101      0.000      34.365      97.408
ABS                -99.4083    120.720     -0.823      0.410    -336.280     137.463
Airbag_1            66.1277    249.935      0.265      0.791    -424.285     556.540
Airbag_2           -94.2070    130.358     -0.723      0.470    -349.990     161.576
Airco              279.4248     83.934      3.329      0.001     114.732     444.117
Automatic_airco   1862.3233    211.548      8.803      0.000    1447.231    2277.415
Boardcomputer     -281.3720    129.991     -2.165      0.031    -536.435     -26.309
CD_Player          228.6003     90.188      2.535      0.011      51.637     405.563
Central_Lock       -74.9651    134.169     -0.559      0.576    -338.226     188.296
Powered_Windows    346.3955    134.811      2.569      0.010      81.873     610.917
Power_Steering    -177.0074    288.205     -0.614      0.539    -742.512     388.498
Radio              415.9999    595.800      0.698      0.485    -753.057    1585.057
Mistlamps          -87.3820    127.905     -0.683      0.495    -338.352     163.588
Sport_Model        200.8877     90.116      2.229      0.026      24.066     377.710
Backseat_Divider   165.2114    158.045      1.045      0.296    -144.898     475.321
Metallic_Rim        58.5281     89.631      0.653      0.514    -117.343     234.399
Radio_cassette    -537.2598    595.968     -0.901      0.368   -1706.645     632.126
Tow_Bar           -104.0548     70.839     -1.469      0.142    -243.052      34.942
m_16v             -460.7251    561.238     -0.821      0.412   -1561.965     640.515
m_terra             -2.6027    408.691     -0.006      0.995    -804.521     799.315
m_hatch_b         -655.7637    163.802     -4.003      0.000    -977.170    -334.358
m_vvti             169.0079    151.149      1.118      0.264    -127.570     465.586
m_liftb           -825.9598    168.597     -4.899      0.000   -1156.775    -495.144
m_luna             738.0480    238.895      3.089      0.002     269.297    1206.799
m_wagon           -132.8854    199.997     -0.664      0.507    -525.312     259.541
m_sol             -301.0948   1028.904     -0.293      0.770   -2319.972    1717.783
m_sedan           -480.5193    176.430     -2.724      0.007    -826.704    -134.334
m_dsl              824.0651    803.783      1.025      0.305    -753.088    2401.218
m_comfort          523.3643    194.447      2.692      0.007     141.827     904.902
m_g6              1225.2622    292.309      4.192      0.000     651.705    1798.820
m_matic4           377.4698    422.810      0.893      0.372    -452.152    1207.091
m_d4d             1620.4460    684.301      2.368      0.018     277.736    2963.156
m_sport            284.8440    474.547      0.600      0.548    -646.294    1215.982
m_matic3           920.8944    472.525      1.949      0.052      -6.276    1848.065
m_v               -145.6433    243.491     -0.598      0.550    -623.411     332.125
m_r                592.6810    353.758      1.675      0.094    -101.450    1286.812
m_matic             14.4846    602.264      0.024      0.981   -1167.256    1196.225
m_vvtli           2483.6295    844.309      2.942      0.003     826.958    4140.301
m_airco           -695.7011    594.776     -1.170      0.242   -1862.749     471.347
m_bns             1012.5382    369.347      2.741      0.006     287.820    1737.257
m_exec            2603.8192    553.875      4.701      0.000    1517.027    3690.611
m_gtsi            1191.5124    468.564      2.543      0.011     272.114    2110.911
m_verso           1881.5725    376.881      4.992      0.000    1142.071    2621.073
m_mpv             1881.5725    376.881      4.992      0.000    1142.071    2621.073
m_comm             996.6457    797.879      1.249      0.212    -568.922    2562.214
m_gl              -484.2175   1039.023     -0.466      0.641   -2522.950    1554.515
m_ll               698.3732    775.658      0.900      0.368    -823.595    2220.341
m_nav             1529.9179   1033.790      1.480      0.139    -498.547    3558.382
m_pk              5630.8488   1105.475      5.094      0.000    3461.726    7799.971
m_6                470.3143    502.269      0.936      0.349    -515.220    1455.849
m_so              1153.1668   1038.301      1.111      0.267    -884.149    3190.483
m_xl              -384.2059   1033.188     -0.372      0.710   -2411.490    1643.078
m_sw              2.007e-11   1.06e-11      1.888      0.059   -7.92e-13    4.09e-11
m_b_ed            2606.8098   1170.914      2.226      0.026     309.286    4904.334
m_g3               862.6841   1226.251      0.704      0.482   -1543.420    3268.789
m_keuze             -2.7928    354.416     -0.008      0.994    -698.216     692.630
m_uit               -2.7928    354.416     -0.008      0.994    -698.216     692.630
m_occasions         -2.7928    354.416     -0.008      0.994    -698.216     692.630
m_s-uitvoering            0          0        nan        nan           0           0
==============================================================================
Omnibus:                       40.274   Durbin-Watson:                   1.744
Prob(Omnibus):                  0.000   Jarque-Bera (JB):              105.014
Skew:                          -0.055   Prob(JB):                     1.57e-23
Kurtosis:                       4.477   Cond. No.                     2.83e+19
==============================================================================

Notes:
[1] Standard Errors assume that the covariance matrix of the errors is correctly specified.
[2] The smallest eigenvalue is 8.74e-27. This might indicate that there are
strong multicollinearity problems or that the design matrix is singular.