                            OLS Regression Results                            
==============================================================================
Dep. Variable:                  Price   R-squared:                       0.923
Model:                            OLS   Adj. R-squared:                  0.919
Method:                 Least Squares   F-statistic:                     243.4
Date:                Wed, 21 May 2025   Prob (F-statistic):               0.00
Time:                        11:54:57   Log-Likelihood:                -9586.3
No. Observations:                1149   AIC:                         1.928e+04
Df Residuals:                    1094   BIC:                         1.956e+04
Df Model:                          54                                         
Covariance Type:            nonrobust                                         
====================================================================================
                       coef    std err          t      P>|t|      [0.025      0.975]
------------------------------------------------------------------------------------
Id                   1.2096      0.293      4.132      0.000       0.635       1.784
Age_08_04        -1188.9401   1386.653     -0.857      0.391   -3909.740    1531.860
Mfg_Month         -129.3115     20.617     -6.272      0.000    -169.764     -88.859
Mfg_Year          -124.2266    170.092     -0.730      0.465    -457.970     209.517
KM                  -0.0135      0.002     -8.961      0.000      -0.016      -0.011
HP                  10.9565      4.105      2.669      0.008       2.902      19.011
Met_Color           26.6049     71.667      0.371      0.711    -114.015     167.225
Automatic          -89.9409    416.231     -0.216      0.829    -906.642     726.760
cc                   0.0581      0.080      0.722      0.470      -0.100       0.216
Doors              105.3406     73.685      1.430      0.153     -39.239     249.920
Cylinders           -0.4671      0.573     -0.815      0.415      -1.591       0.657
Gears             -280.2513    224.509     -1.248      0.212    -720.768     160.266
Quarterly_Tax       12.8492      1.964      6.541      0.000       8.995      16.704
Weight               6.7728      1.297      5.222      0.000       4.228       9.318
Mfr_Guarantee      208.5614     70.640      2.952      0.003      69.955     347.167
BOVAG_Guarantee    504.0427    129.314      3.898      0.000     250.311     757.774
Guarantee_Period    60.3583     16.742      3.605      0.000      27.508      93.208
ABS                -71.6646    126.733     -0.565      0.572    -320.332     177.003
Airbag_1           -81.5572    243.182     -0.335      0.737    -558.713     395.598
Airbag_2           -32.9539    135.300     -0.244      0.808    -298.430     232.523
Airco              353.0033     87.176      4.049      0.000     181.952     524.055
Automatic_airco   2336.7442    207.964     11.236      0.000    1928.690    2744.798
Boardcomputer     -284.7412    130.287     -2.185      0.029    -540.382     -29.100
CD_Player          155.3577     95.000      1.635      0.102     -31.045     341.760
Central_Lock        -0.7540    138.453     -0.005      0.996    -272.418     270.910
Powered_Windows    296.4738    137.864      2.150      0.032      25.966     566.981
Power_Steering    -289.0234    268.864     -1.075      0.283    -816.571     238.524
Radio             -521.9598   1089.360     -0.479      0.632   -2659.430    1615.511
Mistlamps          210.4940    132.459      1.589      0.112     -49.408     470.396
Sport_Model         80.0764     93.031      0.861      0.390    -102.462     262.615
Backseat_Divider  -130.8907    158.360     -0.827      0.409    -441.615     179.834
Metallic_Rim        39.4555     93.584      0.422      0.673    -144.169     223.080
Radio_cassette     498.8133   1091.075      0.457      0.648   -1642.023    2639.649
Tow_Bar           -185.1528     74.771     -2.476      0.013    -331.863     -38.442
Petrol             898.9379    323.354      2.780      0.006     264.474    1533.402
Diesel             214.2141    538.744      0.398      0.691    -842.874    1271.302
CNG              -1113.2688    352.273     -3.160      0.002   -1804.475    -422.062
m_16v              -40.6459    153.277     -0.265      0.791    -341.396     260.104
m_terra            558.2174    172.892      3.229      0.001     218.980     897.455
m_hatch_b         -555.5390    163.877     -3.390      0.001    -877.088    -233.990
m_vvti            -917.8483    196.952     -4.660      0.000   -1304.295    -531.402
m_liftb           -660.6816    174.122     -3.794      0.000   -1002.332    -319.031
m_luna             342.9883    194.454      1.764      0.078     -38.557     724.534
m_wagon             -3.5641    209.237     -0.017      0.986    -414.116     406.988
m_sol              271.2306    218.415      1.242      0.215    -157.329     699.790
m_sedan           -611.1430    184.129     -3.319      0.001    -972.429    -249.857
m_dsl             -486.8249    776.432     -0.627      0.531   -2010.290    1036.640
m_comfort          130.8648    191.587      0.683      0.495    -245.054     506.784
m_g6               926.2152    254.882      3.634      0.000     426.101    1426.329
m_matic4           234.2411    439.842      0.533      0.594    -628.787    1097.269
m_d4d              689.0152    801.363      0.860      0.390    -883.367    2261.398
m_sport            687.2973    296.297      2.320      0.021     105.922    1268.672
m_matic3           730.1314    490.497      1.489      0.137    -232.290    1692.553
m_matic            186.1066    540.713      0.344      0.731    -874.846    1247.059
m_vvtli           1994.5009    382.396      5.216      0.000    1244.188    2744.814
m_airco          -1290.7539    558.582     -2.311      0.021   -2386.768    -194.740
valve             1076.6526    209.448      5.140      0.000     665.687    1487.618
m_life_months     1038.3564   1371.845      0.757      0.449   -1653.387    3730.100
==============================================================================
Omnibus:                       96.060   Durbin-Watson:                   1.753
Prob(Omnibus):                  0.000   Jarque-Bera (JB):              447.435
Skew:                           0.221   Prob(JB):                     6.93e-98
Kurtosis:                       6.025   Cond. No.                     1.21e+16
==============================================================================

Notes:
[1] Standard Errors assume that the covariance matrix of the errors is correctly specified.
[2] The smallest eigenvalue is 4.89e-20. This might indicate that there are
strong multicollinearity problems or that the design matrix is singular.