                            OLS Regression Results                            
==============================================================================
Dep. Variable:                  Price   R-squared:                       0.921
Model:                            OLS   Adj. R-squared:                  0.917
Method:                 Least Squares   F-statistic:                     239.7
Date:                Wed, 21 May 2025   Prob (F-statistic):               0.00
Time:                        11:30:14   Log-Likelihood:                -9571.4
No. Observations:                1149   AIC:                         1.925e+04
Df Residuals:                    1095   BIC:                         1.952e+04
Df Model:                          53                                         
Covariance Type:            nonrobust                                         
====================================================================================
                       coef    std err          t      P>|t|      [0.025      0.975]
------------------------------------------------------------------------------------
Id                   1.7501      0.304      5.766      0.000       1.155       2.346
Age_08_04        -2412.9295   1390.899     -1.735      0.083   -5142.058     316.199
Mfg_Month         -145.5601     20.718     -7.026      0.000    -186.212    -104.909
Mfg_Year          -272.9184    170.627     -1.600      0.110    -607.711      61.874
KM                  -0.0114      0.002     -7.534      0.000      -0.014      -0.008
HP                  54.8882     10.965      5.006      0.000      33.374      76.402
Met_Color           16.9959     69.429      0.245      0.807    -119.234     153.226
Automatic          -43.8327    482.427     -0.091      0.928    -990.419     902.753
cc                  -3.4175      0.869     -3.932      0.000      -5.123      -1.712
Doors              198.4718     76.574      2.592      0.010      48.224     348.720
Cylinders           -0.9699      0.575     -1.688      0.092      -2.097       0.157
Gears             -125.2311    214.368     -0.584      0.559    -545.849     295.387
Quarterly_Tax       12.5455      1.844      6.804      0.000       8.927      16.164
Weight               6.2599      1.271      4.925      0.000       3.766       8.754
Mfr_Guarantee      337.2199     69.343      4.863      0.000     201.160     473.280
BOVAG_Guarantee    464.8123    123.784      3.755      0.000     221.932     707.693
Guarantee_Period    71.4015     15.304      4.665      0.000      41.372     101.431
ABS                -43.4508    123.790     -0.351      0.726    -286.343     199.441
Airbag_1           109.7405    252.333      0.435      0.664    -385.370     604.851
Airbag_2            16.7900    132.958      0.126      0.900    -244.091     277.671
Airco              255.6621     85.277      2.998      0.003      88.337     422.987
Automatic_airco   2012.2298    208.955      9.630      0.000    1602.232    2422.227
Boardcomputer     -339.3075    124.291     -2.730      0.006    -583.182     -95.433
CD_Player          217.5514     92.713      2.346      0.019      35.635     399.468
Central_Lock      -130.5398    138.497     -0.943      0.346    -402.289     141.209
Powered_Windows    428.3128    138.502      3.092      0.002     156.553     700.073
Power_Steering    -167.6938    295.363     -0.568      0.570    -747.235     411.847
Radio              568.9732    616.241      0.923      0.356    -640.173    1778.119
Mistlamps            2.7372    128.547      0.021      0.983    -249.488     254.963
Sport_Model         95.7304     92.692      1.033      0.302     -86.144     277.605
Backseat_Divider    24.1123    160.294      0.150      0.880    -290.406     338.631
Metallic_Rim        48.5369     92.155      0.527      0.599    -132.283     229.357
Radio_cassette    -694.4866    616.160     -1.127      0.260   -1903.474     514.501
Tow_Bar           -129.4884     72.895     -1.776      0.076    -272.517      13.541
Petrol             248.0288    243.750      1.018      0.309    -230.242     726.299
Diesel            1481.4357    338.098      4.382      0.000     818.043    2144.828
CNG              -1729.7069    250.318     -6.910      0.000   -2220.865   -1238.549
m_16v              -64.5266    144.546     -0.446      0.655    -348.145     219.092
m_terra            143.4086    176.806      0.811      0.417    -203.509     490.326
m_hatch_b         -422.5473    162.128     -2.606      0.009    -740.665    -104.430
m_vvti              47.6954    268.636      0.178      0.859    -479.404     574.795
m_liftb           -689.0492    172.614     -3.992      0.000   -1027.740    -350.359
m_luna             195.2367    195.674      0.998      0.319    -188.703     579.176
m_wagon            -83.9144    205.788     -0.408      0.684    -487.698     319.870
m_sol              199.3725    214.011      0.932      0.352    -220.546     619.291
m_sedan           -421.1498    178.972     -2.353      0.019    -772.317     -69.983
m_dsl              411.4474    284.691      1.445      0.149    -147.155     970.049
m_comfort          185.9251    200.093      0.929      0.353    -206.685     578.535
m_g6               805.2605    253.417      3.178      0.002     308.023    1302.498
m_matic4           270.0323    424.625      0.636      0.525    -563.138    1103.203
m_d4d             1069.9883    191.357      5.592      0.000     694.519    1445.457
m_sport            406.8774    305.110      1.334      0.183    -191.790    1005.545
m_matic3           797.9841    476.274      1.675      0.094    -136.530    1732.498
m_matic            227.4529    569.385      0.399      0.690    -889.756    1344.662
m_vvtli            112.5121    532.938      0.211      0.833    -933.182    1158.206
m_airco          -1028.1769    522.448     -1.968      0.049   -2053.289      -3.064
valve              160.2075    281.567      0.569      0.569    -392.263     712.679
m_life_months     2239.7764   1376.188      1.628      0.104    -460.487    4940.039
==============================================================================
Omnibus:                       80.831   Durbin-Watson:                   1.670
Prob(Omnibus):                  0.000   Jarque-Bera (JB):              378.252
Skew:                           0.006   Prob(JB):                     7.30e-83
Kurtosis:                       5.811   Cond. No.                     1.21e+16
==============================================================================

Notes:
[1] Standard Errors assume that the covariance matrix of the errors is correctly specified.
[2] The smallest eigenvalue is 4.76e-20. This might indicate that there are
strong multicollinearity problems or that the design matrix is singular.