                            OLS Regression Results                            
==============================================================================
Dep. Variable:                  Price   R-squared:                       0.920
Model:                            OLS   Adj. R-squared:                  0.916
Method:                 Least Squares   F-statistic:                     233.2
Date:                Wed, 21 May 2025   Prob (F-statistic):               0.00
Time:                        11:29:47   Log-Likelihood:                -9584.8
No. Observations:                1148   AIC:                         1.928e+04
Df Residuals:                    1093   BIC:                         1.956e+04
Df Model:                          54                                         
Covariance Type:            nonrobust                                         
====================================================================================
                       coef    std err          t      P>|t|      [0.025      0.975]
------------------------------------------------------------------------------------
Id                   1.0561      0.301      3.513      0.000       0.466       1.646
Age_08_04        -3645.6328   1400.804     -2.603      0.009   -6394.203    -897.063
Mfg_Month         -157.1086     20.608     -7.624      0.000    -197.544    -116.673
Mfg_Year          -430.5215    171.859     -2.505      0.012    -767.733     -93.310
KM                  -0.0122      0.002     -7.959      0.000      -0.015      -0.009
HP                   3.8540      4.334      0.889      0.374      -4.651      12.359
Met_Color           27.3518     71.479      0.383      0.702    -112.900     167.603
Automatic         -103.9343    491.475     -0.211      0.833   -1068.275     860.407
cc                   0.0043      0.083      0.052      0.958      -0.158       0.167
Doors              243.6172     76.876      3.169      0.002      92.776     394.458
Cylinders           -1.4913      0.579     -2.577      0.010      -2.627      -0.356
Gears             -160.3361    222.281     -0.721      0.471    -596.481     275.809
Quarterly_Tax       12.0410      1.898      6.343      0.000       8.317      15.765
Weight              14.3222      1.628      8.796      0.000      11.127      17.517
Mfr_Guarantee      222.8387     70.698      3.152      0.002      84.120     361.557
BOVAG_Guarantee    498.6345    124.442      4.007      0.000     254.463     742.806
Guarantee_Period    73.4808     15.505      4.739      0.000      43.059     103.903
ABS               -251.6110    129.266     -1.946      0.052    -505.250       2.027
Airbag_1            85.1135    228.458      0.373      0.710    -363.152     533.379
Airbag_2            50.2788    139.983      0.359      0.720    -224.388     324.945
Airco              321.4752     86.696      3.708      0.000     151.367     491.584
Automatic_airco   2063.0093    210.290      9.810      0.000    1650.391    2475.628
Boardcomputer     -368.8894    127.220     -2.900      0.004    -618.513    -119.266
CD_Player          171.5951     94.979      1.807      0.071     -14.766     357.956
Central_Lock      -180.6636    139.877     -1.292      0.197    -455.121      93.794
Powered_Windows    433.5329    139.871      3.100      0.002     159.087     707.979
Power_Steering      44.8678    260.376      0.172      0.863    -466.025     555.761
Radio              659.3980    627.348      1.051      0.293    -571.545    1890.341
Mistlamps           13.5790    129.345      0.105      0.916    -240.214     267.372
Sport_Model        -20.9595     93.383     -0.224      0.822    -204.191     162.272
Backseat_Divider   -38.6435    154.267     -0.250      0.802    -341.337     264.050
Metallic_Rim        83.9333     96.791      0.867      0.386    -105.983     273.850
Radio_cassette    -748.9975    628.136     -1.192      0.233   -1981.486     483.491
Tow_Bar           -146.1412     74.711     -1.956      0.051    -292.735       0.453
Petrol            1094.5758    319.862      3.422      0.001     466.963    1722.188
Diesel            -191.3429    538.806     -0.355      0.723   -1248.553     865.868
CNG               -903.6057    321.288     -2.812      0.005   -1534.016    -273.196
m_16v              -45.2891    145.054     -0.312      0.755    -329.904     239.326
m_terra            352.4997    175.564      2.008      0.045       8.018     696.981
m_hatch_b         -230.5255    162.093     -1.422      0.155    -548.574      87.523
m_vvti            -629.6648    208.684     -3.017      0.003   -1039.131    -220.199
m_liftb           -810.2004    176.425     -4.592      0.000   -1156.369    -464.031
m_luna             222.0589    193.913      1.145      0.252    -158.425     602.543
m_wagon           -159.7754    214.141     -0.746      0.456    -579.948     260.398
m_sol              155.9282    216.282      0.721      0.471    -268.447     580.304
m_sedan           -302.1668    182.728     -1.654      0.098    -660.704      56.370
m_dsl             -708.3299    780.104     -0.908      0.364   -2239.000     822.340
m_comfort          -12.0121    191.046     -0.063      0.950    -386.870     362.846
m_g6               883.5434    258.397      3.419      0.001     376.534    1390.553
m_matic4            98.2993    411.125      0.239      0.811    -708.385     904.983
m_d4d              189.3942    807.070      0.235      0.815   -1394.187    1772.975
m_sport            523.2460    316.569      1.653      0.099     -97.905    1144.397
m_matic3           672.6034    463.194      1.452      0.147    -236.247    1581.453
m_matic            110.1458    574.437      0.192      0.848   -1016.979    1237.270
m_vvtli           1468.7240    408.955      3.591      0.000     666.298    2271.150
m_airco           -959.1773    466.189     -2.057      0.040   -1873.904     -44.451
valve              839.0592    222.102      3.778      0.000     403.264    1274.855
m_life_months     3472.2655   1386.111      2.505      0.012     752.526    6192.004
==============================================================================
Omnibus:                      111.136   Durbin-Watson:                   1.783
Prob(Omnibus):                  0.000   Jarque-Bera (JB):              462.458
Skew:                           0.367   Prob(JB):                    3.79e-101
Kurtosis:                       6.022   Cond. No.                     1.21e+16
==============================================================================

Notes:
[1] Standard Errors assume that the covariance matrix of the errors is correctly specified.
[2] The smallest eigenvalue is 4.81e-20. This might indicate that there are
strong multicollinearity problems or that the design matrix is singular.